set cut_paste_input [stack 0]
version 12.2 v3
push $cut_paste_input
Group {
name STMAP_to_tracker2
selected true
xpos -9874
ypos -2457
addUserKnob {20 User}
addUserKnob {18 sample t "select stmap color"}
sample {0.4631510377 0.09560184926 1}
addUserKnob {6 sample_panelDropped l "panel dropped state" -STARTLINE +HIDDEN}
addUserKnob {7 blur t "blur the sample pixel"}
blur 3
addUserKnob {7 size t "range of the sampled values"}
size 0.001
}
Input {
inputs 0
name Input1
xpos 232
ypos -306
}
Expression {
expr0 "r >= (sample.r-size)  && r <= (sample.r+size) ? 1 : 0"
expr1 "g >= (sample.g-size)  && g <= (sample.g+size) ? 1 : 0"
name Expression4
xpos 232
ypos -239
addUserKnob {20 User}
addUserKnob {7 size}
size {{parent.size}}
addUserKnob {18 sample}
sample {{parent.sample.r} {parent.sample.g} {parent.sample.b}}
addUserKnob {6 sample_panelDropped l "panel dropped state" -STARTLINE +HIDDEN}
}
Expression {
expr0 "r == 1 && g ==1 ? 1:0"
name Expression5
selected true
xpos 232
ypos -201
}
Blur {
channels rgb
size {{parent.blur}}
name Blur2
xpos 232
ypos -168
}
Shuffle {
green red
blue red
alpha red
name Shuffle2
xpos 232
ypos -132
}
Output {
name Output1
xpos 232
ypos -33
}
end_group
CurveTool {
operation "Max Luma Pixel"
color {0.04946134984 0.04150779918 0.05800180882 1}
ROI {0 0 3840 2160}
autocropdata {960 540 2880 1620}
intensitydata {{curve}}
maxlumapixdata {{curve x1001 1778 1778 1777 1776 1777 1778 1779 1777 1778 1777 1776 1776 1775 1775 1775 1776 1775 1774 1776 1774 1773 1775 1774 1773 1774 1773 1774 1773 1775 1776 1776 1775 1774 1776 1775 1775 1774 1775 1775 1774 1775 1775 1774 1774 1774 1775 1774 1773 1773 1774 1772 1772 1771 1771 1773 1773 1773 1772 1770 1772 1771 1770 1768 1769 1768 1768 1768 1770 1769 1769 1768 1769 1768 1767 1769 1769 1769 1769 1769 1770 1771 1770 1770 1770 1770} {curve x1001 206 205 205 205 204 204 204 203 203 203 203 202 203 203 203 204 203 202 202 200 200 201 201 201 201 201 202 201 201 201 201 201 201 202 201 202 201 202 201 201 201 201 200 201 202 202 203 203 199 199 200 200 200 201 200 200 200 200 200 200 199 199 200 200 201 201 201 201 201 201 202 202 202 203 204 204 205 205 205 205 205 205 206 206 207}}
maxlumapixvalue {{curve x1001 0.9519802928 0.8610442281 0.8630040288 0.8630040288 0.8630040288 0.8630040288 0.8610442281 0.8630040288 0.8630040288 0.9541471004 0.9541471004 0.8630040288 0.8630040288 0.8610442281 0.8610442281 0.9519802928 0.8610442281 0.8610442281 0.8615657687 0.8610442281 0.8630040288 0.8627970219 0.8837330937 0.9233660102 0.8610442281 0.9250848293 0.9527088404 0.9527088404 0.9519802928 0.8754428625 0.8628326058 0.950191915 0.9250848293 0.9519802928 0.8610442281 0.8610442281 0.9539400935 0.8754428625 0.8647924066 0.8630040288 0.8615657687 0.8642708659 0.8610442281 0.9317138791 0.9317138791 0.9040571451 0.9313796759 0.8754872084 0.8632158637 0.8772312403 0.9126459956 0.8628326058 0.861251235 0.8772312403 0.8642708659 0.8668423891 0.8668423891 0.8713488579 0.8957123756 0.87339288 0.8668423891 0.8635611534 0.9126459956 0.9126459956 0.9209908247 0.9210351706 0.8957123756 0.884031713 0.884031713 0.8828004599 0.8823232651 0.8639444113 0.8617727757 0.8822789192 0.884031713 0.8624824882 0.8713932037 0.8916183114 0.8916183114 0.8916183114 0.8916183114 0.8898655176 0.8896585107 0.8610885739 0.8616344929} {curve x1001 0.9519802928 0.8610442281 0.8630040288 0.8630040288 0.8630040288 0.8630040288 0.8610442281 0.8630040288 0.8630040288 0.9541471004 0.9541471004 0.8630040288 0.8630040288 0.8610442281 0.8610442281 0.9519802928 0.8610442281 0.8610442281 0.8615657687 0.8610442281 0.8630040288 0.8627970219 0.8837330937 0.9233660102 0.8610442281 0.9250848293 0.9527088404 0.9527088404 0.9519802928 0.8754428625 0.8628326058 0.950191915 0.9250848293 0.9519802928 0.8610442281 0.8610442281 0.9539400935 0.8754428625 0.8647924066 0.8630040288 0.8615657687 0.8642708659 0.8610442281 0.9317138791 0.9317138791 0.9040571451 0.9313796759 0.8754872084 0.8632158637 0.8772312403 0.9126459956 0.8628326058 0.861251235 0.8772312403 0.8642708659 0.8668423891 0.8668423891 0.8713488579 0.8957123756 0.87339288 0.8668423891 0.8635611534 0.9126459956 0.9126459956 0.9209908247 0.9210351706 0.8957123756 0.884031713 0.884031713 0.8828004599 0.8823232651 0.8639444113 0.8617727757 0.8822789192 0.884031713 0.8624824882 0.8713932037 0.8916183114 0.8916183114 0.8916183114 0.8916183114 0.8898655176 0.8896585107 0.8610885739 0.8616344929} {curve x1001 0.9519802928 0.8610442281 0.8630040288 0.8630040288 0.8630040288 0.8630040288 0.8610442281 0.8630040288 0.8630040288 0.9541471004 0.9541471004 0.8630040288 0.8630040288 0.8610442281 0.8610442281 0.9519802928 0.8610442281 0.8610442281 0.8615657687 0.8610442281 0.8630040288 0.8627970219 0.8837330937 0.9233660102 0.8610442281 0.9250848293 0.9527088404 0.9527088404 0.9519802928 0.8754428625 0.8628326058 0.950191915 0.9250848293 0.9519802928 0.8610442281 0.8610442281 0.9539400935 0.8754428625 0.8647924066 0.8630040288 0.8615657687 0.8642708659 0.8610442281 0.9317138791 0.9317138791 0.9040571451 0.9313796759 0.8754872084 0.8632158637 0.8772312403 0.9126459956 0.8628326058 0.861251235 0.8772312403 0.8642708659 0.8668423891 0.8668423891 0.8713488579 0.8957123756 0.87339288 0.8668423891 0.8635611534 0.9126459956 0.9126459956 0.9209908247 0.9210351706 0.8957123756 0.884031713 0.884031713 0.8828004599 0.8823232651 0.8639444113 0.8617727757 0.8822789192 0.884031713 0.8624824882 0.8713932037 0.8916183114 0.8916183114 0.8916183114 0.8916183114 0.8898655176 0.8896585107 0.8610885739 0.8616344929}}
minlumapixdata {{curve x1001 0 0 0 0 0 0 0 0 0 0 0 0 0 0 0 0 0 0 0 0 0 0 0 0 0 0 0 0 0 0 0 0 0 0 0 0 0 0 0 0 0 0 0 0 0 0 0 0 0 0 0 0 0 0 0 0 0 0 0 0 0 0 0 0 0 0 0 0 0 0 0 0 0 0 0 0 0 0 0 0 0 0 0 0 0} {curve x1001 0 0 0 0 0 0 0 0 0 0 0 0 0 0 0 0 0 0 0 0 0 0 0 0 0 0 0 0 0 0 0 0 0 0 0 0 0 0 0 0 0 0 0 0 0 0 0 0 0 0 0 0 0 0 0 0 0 0 0 0 0 0 0 0 0 0 0 0 0 0 0 0 0 0 0 0 0 0 0 0 0 0 0 0 0}}
minlumapixvalue {{curve x1001 0 0 0 0 0 0 0 0 0 0 0 0 0 0 0 0 0 0 0 0 0 0 0 0 0 0 0 0 0 0 0 0 0 0 0 0 0 0 0 0 0 0 0 0 0 0 0 0 0 0 0 0 0 0 0 0 0 0 0 0 0 0 0 0 0 0 0 0 0 0 0 0 0 0 0 0 0 0 0 0 0 0 0 0 0} {curve x1001 0 0 0 0 0 0 0 0 0 0 0 0 0 0 0 0 0 0 0 0 0 0 0 0 0 0 0 0 0 0 0 0 0 0 0 0 0 0 0 0 0 0 0 0 0 0 0 0 0 0 0 0 0 0 0 0 0 0 0 0 0 0 0 0 0 0 0 0 0 0 0 0 0 0 0 0 0 0 0 0 0 0 0 0 0} {curve x1001 0 0 0 0 0 0 0 0 0 0 0 0 0 0 0 0 0 0 0 0 0 0 0 0 0 0 0 0 0 0 0 0 0 0 0 0 0 0 0 0 0 0 0 0 0 0 0 0 0 0 0 0 0 0 0 0 0 0 0 0 0 0 0 0 0 0 0 0 0 0 0 0 0 0 0 0 0 0 0 0 0 0 0 0 0}}
name CurveTool2
selected true
xpos -9874
ypos -2356
}
